Font: ./resources/courbd.ttf Size 36. Character size 33x48px. Mode B.
33 48 pixels
13
253 0 253 0 253 0 253 0 253 0 253 0 66 
57
113 4 28 6 26 8 25 8 25 8 25 8 25 8 25 8 25 8 25 8 25 7 27 6 27 6 27 6 27 6 27 6 27 6 27 6 27 6 27 6 28 4 29 4 194 4 28 6 27 6 27 6 28 4 253 0 191 
59
173 6 4 6 17 6 4 6 17 6 4 6 18 5 5 5 18 5 5 5 18 5 5 5 18 5 5 5 18 4 6 4 19 4 6 4 19 4 6 4 20 3 7 3 20 3 7 3 20 3 7 3 253 0 253 0 253 0 241 
131
77 5 4 4 20 5 3 5 20 5 3 5 20 5 3 5 20 5 3 5 20 5 3 5 20 5 3 5 20 5 3 5 20 5 3 5 20 5 3 5 17 18 13 22 11 22 11 22 12 20 16 5 3 5 20 5 3 5 20 5 3 5 20 5 3 5 20 5 3 5 20 5 3 5 16 20 12 22 11 22 11 22 12 20 16 5 3 5 20 5 3 5 20 5 3 5 20 5 3 5 20 5 3 5 20 5 3 5 20 5 3 5 20 5 3 5 20 5 3 5 20 4 4 4 22 2 6 3 253 0 56 
99
15 3 29 5 28 5 28 5 28 5 25 14 18 16 16 17 15 18 14 7 5 7 14 6 8 5 14 5 9 5 14 5 10 3 15 5 28 7 27 9 24 13 21 14 20 15 20 14 22 11 26 8 27 6 13 3 12 5 12 5 11 5 12 5 10 6 12 8 5 8 12 20 13 20 13 19 14 18 16 3 1 11 25 5 28 5 28 5 28 5 28 5 28 5 29 3 253 0 59 
105
109 6 26 8 24 10 22 4 4 4 20 4 6 4 19 3 8 3 19 3 8 3 19 3 8 3 19 3 8 3 19 4 6 4 20 4 4 4 22 10 5 4 15 8 3 7 16 17 19 12 18 12 18 12 19 17 16 7 3 8 15 4 5 10 22 4 4 4 20 4 6 4 19 3 8 3 19 3 8 3 19 3 8 3 19 3 8 3 19 4 6 4 20 4 4 4 22 10 24 8 26 6 253 0 220 
83
245 5 26 11 21 13 19 14 19 14 18 6 3 4 20 5 28 5 28 5 28 6 28 6 27 6 27 7 25 9 4 4 15 11 2 6 13 12 2 6 13 6 1 6 1 6 12 6 2 12 13 5 4 10 14 5 5 9 14 5 5 9 14 5 6 7 15 7 4 9 14 20 13 20 14 19 15 17 19 6 253 0 191 
35
178 7 26 6 28 5 28 5 28 5 28 5 28 5 28 5 28 5 28 4 30 3 30 3 30 3 30 3 253 0 253 0 253 0 213 
77
117 3 29 5 27 6 27 6 26 6 27 5 27 6 27 5 27 6 27 5 27 6 27 5 28 5 28 5 27 5 28 5 28 5 28 5 28 5 28 5 28 5 28 5 28 5 28 5 28 6 28 5 28 5 28 6 28 5 28 6 27 6 28 6 27 6 28 6 28 6 27 6 28 5 29 3 243 
77
111 3 29 5 28 5 28 6 28 5 28 6 28 5 28 6 28 5 28 5 28 6 28 5 28 5 28 5 28 6 28 5 28 5 28 5 28 5 28 5 28 5 28 5 28 5 27 6 27 5 28 5 28 5 27 6 27 5 28 5 27 6 27 5 27 6 27 5 27 6 27 5 28 4 30 3 249 
61
114 3 29 5 28 5 28 5 28 5 28 5 21 4 3 5 3 4 13 21 12 21 12 21 13 19 17 13 22 9 23 11 22 11 21 6 1 6 19 6 2 7 18 6 3 6 18 5 5 5 19 3 7 3 253 0 253 0 253 0 76 
57
246 3 29 5 28 5 28 5 28 5 28 5 28 5 28 5 28 5 28 5 28 5 19 23 9 25 8 25 8 25 9 23 19 5 28 5 28 5 28 5 28 5 28 5 28 5 28 5 28 5 28 5 29 3 253 0 224 
35
253 0 253 0 253 0 179 7 26 6 27 6 26 6 27 6 27 5 28 5 27 5 28 4 29 4 28 4 29 4 29 3 30 3 217 
21
253 0 253 0 94 20 13 20 13 20 13 20 13 20 253 0 253 0 253 0 73 
21
253 0 253 0 253 0 212 5 27 7 26 7 26 7 26 7 27 5 253 0 190 
83
23 3 29 5 28 5 27 6 27 5 27 6 27 5 27 6 27 6 27 5 27 6 27 5 27 6 27 5 27 6 27 5 27 6 27 5 27 6 27 6 27 5 27 6 27 5 27 6 27 5 27 6 27 5 27 6 27 5 27 6 27 5 27 6 27 6 27 5 27 6 27 5 27 6 27 5 28 5 29 3 253 0 34 
111
112 7 24 11 21 13 19 15 18 15 17 6 5 6 15 6 7 6 14 5 9 5 14 5 9 5 13 6 9 6 12 5 11 5 12 5 11 5 12 5 11 5 12 5 11 5 12 5 11 5 12 5 11 5 12 5 11 5 12 5 11 5 12 5 11 5 12 5 11 5 12 5 11 5 12 5 11 5 12 6 9 6 13 5 9 5 14 5 9 5 14 6 7 6 15 6 5 6 17 15 18 15 19 13 21 11 24 7 253 0 189 
69
84 1 28 5 24 9 21 12 20 13 20 13 20 13 21 4 3 5 28 5 28 5 28 5 28 5 28 5 28 5 28 5 28 5 28 5 28 5 28 5 28 5 28 5 28 5 28 5 28 5 28 5 28 5 28 5 21 19 13 21 12 21 12 21 13 19 253 0 216 
77
112 7 23 12 20 15 17 17 15 18 14 7 6 7 13 6 9 5 13 5 10 6 12 5 11 5 13 3 12 5 28 5 27 6 26 6 26 7 25 7 25 7 25 7 25 7 24 8 24 8 24 8 24 8 24 8 24 8 24 7 24 8 11 1 13 21 12 22 11 22 11 22 11 22 253 0 215 
77
111 8 22 13 19 15 17 17 15 19 14 7 6 6 14 5 9 6 14 3 11 5 28 5 28 5 27 6 27 5 26 7 21 11 21 12 21 11 22 12 22 12 26 8 27 6 28 6 28 5 28 5 28 5 28 5 12 2 13 6 11 5 9 7 12 21 12 20 14 18 16 16 19 11 253 0 189 
87
116 7 26 7 25 8 24 9 24 9 23 10 23 10 22 11 21 6 1 5 21 6 1 5 20 6 2 5 20 6 2 5 19 6 3 5 19 5 4 5 18 6 4 5 17 6 5 5 17 6 5 5 16 6 6 5 16 6 6 5 15 20 13 21 12 21 12 21 12 20 26 5 28 5 24 11 21 13 20 13 20 13 21 11 253 0 216 
75
106 17 16 18 15 18 15 18 15 17 16 5 28 5 28 5 28 5 28 5 28 5 1 7 20 15 18 17 16 18 15 18 15 6 6 7 16 1 11 5 28 6 28 5 28 5 28 5 28 5 28 5 27 6 12 3 12 5 12 5 9 7 12 21 12 20 14 18 16 15 21 10 253 0 222 
93
116 8 23 11 20 14 18 15 17 16 16 8 5 2 17 7 25 7 26 6 26 6 27 5 27 6 27 5 3 6 19 5 1 10 17 18 15 18 15 19 14 9 4 7 13 8 6 6 13 7 8 5 13 6 10 5 12 6 10 5 12 6 10 5 13 5 10 5 13 5 10 5 13 6 8 5 15 6 6 6 15 18 16 16 18 14 20 12 23 8 253 0 188 
71
105 21 12 21 12 21 12 21 12 21 12 5 10 6 12 4 11 5 15 1 12 5 27 6 27 5 28 5 27 6 27 5 28 5 27 6 27 5 28 5 27 6 27 5 28 5 27 6 27 5 28 5 27 6 27 5 28 5 27 6 27 5 28 5 28 5 29 3 253 0 224 
101
112 7 23 13 19 15 17 17 15 19 14 7 5 7 13 6 9 6 12 5 11 5 12 5 11 5 12 5 11 5 12 5 11 5 13 5 9 5 14 7 5 7 15 17 17 15 18 15 17 17 16 17 15 7 5 7 13 7 7 6 13 6 9 6 12 5 11 5 12 5 11 5 12 5 11 5 12 5 11 5 12 6 9 6 13 6 7 6 14 19 15 17 17 15 19 13 22 9 253 0 188 
97
111 7 24 11 21 13 19 15 18 16 16 7 4 7 15 5 7 6 14 6 8 6 13 5 9 6 13 5 10 5 13 5 10 5 13 5 10 6 12 5 10 6 12 5 9 7 12 6 7 8 13 6 6 8 13 7 3 10 14 19 15 18 16 17 17 9 2 5 19 5 3 5 27 6 27 6 26 6 25 7 16 2 6 9 15 17 16 15 18 14 20 11 23 8 253 0 193 
31
253 0 190 5 27 7 26 7 26 7 26 7 27 5 253 0 105 5 27 7 26 7 26 7 26 7 27 5 253 0 190 
43
253 0 192 5 27 7 26 7 26 7 26 7 27 5 253 0 37 7 26 6 27 5 27 6 27 5 28 4 28 5 28 4 29 4 28 4 29 3 30 3 253 0 63 
59
253 0 4 3 28 6 25 8 23 10 22 10 21 10 21 10 21 11 20 11 21 10 21 10 21 10 21 10 22 10 24 11 24 10 25 10 25 10 24 11 24 11 24 10 25 10 25 10 24 10 25 8 27 6 29 3 253 0 213 
27
253 0 180 25 7 27 6 27 6 27 7 25 140 25 7 27 6 27 6 27 7 25 253 0 253 0 191 
57
234 3 29 6 27 8 25 10 24 10 25 10 25 10 24 11 24 11 24 10 25 10 25 10 25 10 24 10 21 11 21 10 21 10 21 10 21 11 20 11 21 10 21 10 21 10 22 10 23 8 25 6 28 3 253 0 236 
65
146 3 26 11 20 15 16 18 15 18 15 9 2 8 14 5 9 6 13 5 9 6 13 5 10 5 14 3 11 5 28 5 27 6 26 7 24 8 23 9 22 10 23 9 24 7 26 5 28 5 29 3 161 5 27 7 26 7 26 7 27 5 253 0 224 
137
79 6 25 10 22 12 20 14 18 7 3 6 17 5 7 4 16 5 8 5 15 5 9 4 15 4 10 4 14 5 10 4 14 5 10 4 14 4 7 8 14 4 5 10 14 4 4 11 14 4 3 12 14 4 3 5 3 4 14 4 2 5 4 4 14 4 2 4 5 4 14 4 2 4 5 4 14 4 2 4 5 4 14 4 2 5 4 4 14 4 2 6 3 4 14 4 3 13 13 4 4 12 13 4 5 11 13 5 6 8 14 5 29 4 29 5 28 5 29 5 8 2 18 6 5 5 18 15 19 13 21 11 24 7 253 0 90 
95
172 12 20 14 19 14 19 15 19 14 24 9 23 11 22 5 1 5 22 5 1 6 20 5 3 5 20 5 3 5 19 6 3 6 18 5 5 5 18 5 5 5 17 6 5 6 16 5 7 5 15 19 14 19 14 19 13 21 12 21 12 5 11 6 10 6 12 5 10 5 13 5 7 11 7 11 3 13 5 13 2 13 5 13 2 13 5 13 3 11 7 11 253 0 211 
89
169 18 14 21 12 22 11 23 11 23 13 5 9 6 13 5 10 6 12 5 11 5 12 5 11 5 12 5 11 5 12 5 10 6 12 5 8 7 13 20 13 19 14 19 14 20 13 21 12 5 9 8 11 5 11 7 10 5 12 6 10 5 13 5 10 5 13 5 10 5 13 5 10 5 12 6 7 25 7 26 7 25 8 24 10 21 253 0 217 
89
147 3 26 11 2 3 15 19 13 20 12 21 11 10 1 11 10 7 9 7 10 6 11 6 9 6 13 5 9 5 14 5 8 6 14 5 8 5 16 3 9 5 28 5 28 5 28 5 28 5 28 5 28 5 28 5 28 5 28 6 28 5 16 3 9 6 14 5 9 7 11 6 9 9 6 9 10 22 12 20 15 17 17 14 22 8 253 0 188 
99
169 16 16 19 14 21 12 22 12 22 13 5 8 7 13 5 10 6 12 5 11 6 11 5 11 6 11 5 12 5 11 5 12 6 10 5 13 5 10 5 13 5 10 5 13 5 10 5 13 5 10 5 13 5 10 5 13 5 10 5 13 5 10 5 13 5 10 5 12 6 10 5 12 5 11 5 11 6 11 5 10 6 12 5 9 7 10 22 10 22 11 21 12 20 14 17 253 0 221 
99
169 24 8 25 8 25 8 25 9 24 12 5 11 5 12 5 11 5 12 5 11 5 12 5 11 5 12 5 5 3 3 4 13 5 4 5 3 2 14 5 4 5 19 14 19 14 19 14 19 14 19 14 19 5 4 5 19 5 4 5 4 2 13 5 4 5 3 4 12 5 5 3 4 5 11 5 12 5 11 5 12 5 11 5 12 5 8 25 7 26 7 26 7 26 8 25 253 0 213 
87
169 25 7 26 7 26 7 26 8 25 11 5 12 5 11 5 12 5 11 5 12 5 11 5 12 5 11 5 5 3 4 4 12 5 4 5 4 2 13 5 4 5 19 14 19 14 19 14 19 14 19 14 19 5 4 5 19 5 4 5 19 5 4 5 19 5 5 3 20 5 28 5 28 5 25 15 17 17 16 17 16 17 17 15 253 0 223 
99
147 4 25 12 1 3 15 19 13 20 12 21 11 10 2 10 10 7 10 6 10 6 12 5 9 6 13 5 9 5 14 5 8 6 15 3 9 5 28 5 28 5 28 5 28 5 28 5 8 13 7 5 7 15 6 5 7 15 6 5 7 15 6 5 8 13 7 6 14 5 9 5 14 5 9 6 13 5 9 7 12 5 10 9 7 7 11 22 12 21 13 19 16 15 21 8 253 0 188 
109
170 9 5 9 9 11 3 11 8 11 3 11 8 11 3 11 9 9 5 9 11 5 10 5 13 5 10 5 13 5 10 5 13 5 10 5 13 5 10 5 13 5 10 5 13 5 10 5 13 20 13 20 13 20 13 20 13 20 13 5 10 5 13 5 10 5 13 5 10 5 13 5 10 5 13 5 10 5 13 5 10 5 13 5 10 5 11 10 5 10 7 12 3 12 6 12 3 12 6 12 3 12 7 10 5 10 253 0 213 
61
172 19 13 21 12 21 12 21 13 19 21 5 28 5 28 5 28 5 28 5 28 5 28 5 28 5 28 5 28 5 28 5 28 5 28 5 28 5 28 5 28 5 28 5 28 5 28 5 21 19 13 21 12 21 12 21 13 19 253 0 216 
79
176 18 14 20 13 20 13 20 14 18 23 5 28 5 28 5 28 5 28 5 28 5 28 5 28 5 28 5 28 5 13 3 12 5 12 5 11 5 12 5 11 5 12 5 11 5 12 5 11 5 12 5 11 5 12 5 10 6 12 5 10 5 13 7 6 7 13 19 14 19 15 17 19 12 24 7 253 0 225 
107
168 12 4 9 7 14 2 11 6 14 2 11 6 14 2 11 7 12 4 9 11 5 7 7 14 5 6 7 15 5 5 7 16 5 4 7 17 5 3 7 18 5 2 7 19 13 20 12 21 13 20 14 19 15 18 16 17 6 4 7 16 5 6 6 16 5 7 6 15 5 8 5 15 5 8 6 14 5 9 5 14 5 9 6 10 12 6 8 6 14 5 9 5 14 6 9 4 14 6 9 5 12 7 8 253 0 212 
77
169 15 17 17 16 17 16 17 17 15 23 5 28 5 28 5 28 5 28 5 28 5 28 5 28 5 28 5 28 5 28 5 28 5 12 1 15 5 11 4 13 5 10 5 13 5 10 5 13 5 10 5 13 5 10 5 13 5 10 5 13 5 10 5 8 25 7 26 7 26 7 26 8 25 253 0 213 
147
167 8 12 8 4 10 11 9 3 10 11 9 3 11 9 10 4 10 9 9 7 9 7 9 8 9 7 9 8 9 6 10 8 10 5 10 8 10 5 10 8 11 3 11 8 5 1 5 3 5 1 5 8 5 1 6 1 6 1 5 8 5 2 5 1 5 2 5 8 5 2 11 2 5 8 5 2 10 3 5 8 5 3 9 3 5 8 5 3 9 3 5 8 5 4 7 4 5 8 5 4 7 4 5 8 5 5 5 5 5 8 5 5 5 5 5 8 5 15 5 8 5 15 5 6 11 7 11 3 13 5 13 2 13 5 13 2 13 5 13 3 11 7 11 253 0 211 
135
168 8 8 11 5 10 6 13 4 10 6 13 4 11 5 13 5 11 5 11 9 8 9 5 11 9 8 5 11 10 7 5 11 10 7 5 11 11 6 5 11 11 6 5 11 5 1 6 5 5 11 5 2 6 4 5 11 5 2 6 4 5 11 5 3 6 3 5 11 5 4 6 2 5 11 5 4 6 2 5 11 5 5 6 1 5 11 5 5 6 1 5 11 5 6 11 11 5 7 10 11 5 7 10 11 5 8 9 11 5 9 8 9 11 5 8 8 13 5 7 8 13 5 7 8 13 6 6 9 11 8 5 253 0 214 
107
147 3 27 10 21 13 18 17 15 19 13 10 1 10 12 7 7 7 11 6 11 6 9 6 13 6 8 6 13 6 8 5 15 5 7 6 15 6 6 5 17 5 6 5 17 5 6 5 17 5 6 5 17 5 6 5 17 5 6 5 17 5 6 5 17 5 6 6 15 6 7 5 15 5 8 5 15 5 8 6 13 6 9 6 11 6 10 7 9 7 11 8 5 8 13 19 15 17 17 15 20 11 24 7 253 0 189 
79
170 17 15 20 13 22 11 23 11 23 13 5 8 7 13 5 10 5 13 5 10 6 12 5 11 5 12 5 11 5 12 5 11 5 12 5 10 6 12 5 9 6 13 5 8 7 13 19 14 18 15 17 16 16 17 14 19 5 28 5 28 5 28 5 28 5 25 15 17 17 16 17 16 17 17 15 253 0 222 
121
148 2 27 10 21 13 19 16 15 19 14 9 1 10 12 7 7 7 11 6 11 6 9 6 13 6 8 6 13 6 8 5 15 5 7 6 15 6 6 5 17 5 6 5 17 5 6 5 17 5 6 5 17 5 6 5 17 5 6 5 17 5 6 5 17 5 6 6 15 6 7 5 15 5 8 5 15 5 8 6 13 6 9 6 11 6 11 6 9 7 11 8 5 8 13 19 15 17 17 15 20 11 22 9 23 12 3 4 13 21 11 22 11 22 11 21 13 4 8 5 238 
99
167 17 15 21 12 22 11 23 11 23 13 5 8 7 13 5 10 6 12 5 11 5 12 5 11 5 12 5 11 5 12 5 10 6 12 5 9 6 13 5 7 8 13 19 14 18 15 17 16 16 17 17 16 5 5 8 15 5 7 7 14 5 8 6 14 5 9 6 13 5 10 6 12 5 10 6 9 12 7 8 5 14 7 8 4 14 7 8 4 14 8 7 5 12 10 5 253 0 213 
93
147 3 26 11 1 3 17 17 14 19 14 19 13 8 2 10 12 7 7 7 12 5 11 5 12 5 11 5 12 5 11 5 12 6 11 3 13 7 27 9 24 14 20 15 19 16 19 15 21 13 25 8 28 6 11 3 14 5 10 5 13 5 10 5 13 5 10 6 12 5 10 7 10 6 10 9 5 8 11 22 11 21 12 20 14 3 2 12 23 8 253 0 188 
93
169 25 8 25 8 25 8 25 8 25 8 5 5 5 5 5 8 5 5 5 5 5 8 5 5 5 5 5 8 5 5 5 5 5 8 5 5 5 5 5 8 5 5 5 5 5 8 4 6 5 5 4 11 1 7 5 7 1 20 5 28 5 28 5 28 5 28 5 28 5 28 5 28 5 28 5 28 5 28 5 23 15 16 18 15 18 15 18 16 16 253 0 218 
109
168 11 4 11 6 13 2 13 5 13 2 13 5 13 2 13 6 11 4 11 9 5 12 5 11 5 12 5 11 5 12 5 11 5 12 5 11 5 12 5 11 5 12 5 11 5 12 5 11 5 12 5 11 5 12 5 11 5 12 5 11 5 12 5 11 5 12 5 11 5 12 5 11 5 12 5 11 5 12 5 11 5 12 5 11 6 10 5 13 6 8 6 13 7 5 8 14 18 16 16 18 14 20 12 23 8 253 0 222 
103
167 11 7 11 3 13 5 13 2 13 5 13 2 13 5 13 3 11 7 11 7 5 13 5 10 5 13 5 10 6 11 6 11 5 11 5 12 6 9 6 13 5 9 5 14 5 9 5 14 6 7 6 15 5 7 5 16 6 5 6 17 5 5 5 18 5 5 5 18 6 3 6 19 5 3 5 20 6 1 6 21 5 1 5 22 11 23 9 24 9 24 9 25 7 26 7 27 5 28 5 253 0 223 
137
167 11 6 11 4 13 4 13 3 13 4 13 3 13 4 13 4 11 6 11 6 5 16 5 7 5 16 5 7 6 14 5 9 5 4 6 4 5 9 5 4 6 4 5 9 5 4 6 4 5 9 5 3 8 3 5 9 5 3 8 3 5 9 5 3 8 3 5 9 5 2 10 2 5 9 6 1 10 1 6 10 5 1 10 1 5 11 10 2 10 11 10 2 10 11 10 2 10 11 9 4 9 11 9 4 9 11 9 4 9 11 9 5 8 12 7 6 8 12 7 6 7 13 7 7 6 13 6 8 6 13 6 8 6 253 0 216 
101
168 9 7 9 7 11 5 11 6 11 5 11 6 11 5 11 7 9 7 9 10 7 7 7 13 7 6 6 15 7 4 6 17 6 3 6 19 6 1 6 20 13 21 11 23 9 25 7 26 7 25 9 24 10 22 11 21 13 19 7 2 6 17 7 4 6 16 6 5 7 14 6 7 6 13 6 9 6 10 10 6 10 6 12 4 12 5 12 4 12 5 12 4 12 6 10 6 10 253 0 213 
83
169 9 7 9 7 11 5 11 6 11 5 11 6 11 5 11 7 9 7 9 10 6 8 6 14 6 7 6 14 7 5 6 16 6 4 6 18 6 3 6 18 7 1 6 20 12 22 11 23 9 24 8 26 7 27 5 28 5 28 5 28 5 28 5 28 5 28 5 28 5 22 16 16 18 15 18 15 18 16 16 253 0 218 
89
172 20 13 20 13 20 13 20 13 20 13 5 8 6 14 5 7 7 14 5 6 7 15 5 6 6 16 5 5 6 17 4 5 7 19 1 5 7 26 6 26 6 26 7 25 7 26 6 26 6 7 2 17 7 6 4 15 7 7 5 14 6 8 5 13 6 9 5 12 7 9 5 11 7 10 5 11 22 11 22 11 22 11 22 11 22 253 0 214 
77
110 10 23 11 22 11 22 11 22 10 23 5 28 5 28 5 28 5 28 5 28 5 28 5 28 5 28 5 28 5 28 5 28 5 28 5 28 5 28 5 28 5 28 5 28 5 28 5 28 5 28 5 28 5 28 5 28 5 28 5 28 5 28 5 28 5 28 10 23 11 22 11 22 11 22 10 243 
81
7 3 29 5 28 5 28 6 28 5 28 6 28 5 28 6 28 5 28 6 27 6 28 5 28 6 28 5 28 6 28 5 28 6 28 5 28 6 28 5 28 6 28 5 28 6 28 5 28 6 28 5 28 6 28 5 28 6 27 6 28 5 28 6 28 5 28 6 28 5 28 6 28 5 28 5 29 3 253 0 51 
77
111 10 22 11 22 11 22 11 23 10 28 5 28 5 28 5 28 5 28 5 28 5 28 5 28 5 28 5 28 5 28 5 28 5 28 5 28 5 28 5 28 5 28 5 28 5 28 5 28 5 28 5 28 5 28 5 28 5 28 5 28 5 28 5 28 5 23 10 22 11 22 11 22 11 23 10 242 
55
82 1 31 3 29 5 27 6 27 7 25 9 23 11 21 13 19 7 1 7 18 6 3 6 17 6 5 6 15 6 7 6 13 7 7 7 12 6 9 6 12 5 11 5 13 3 13 3 253 0 253 0 253 0 238 
17
253 0 253 0 253 0 253 0 253 0 155 31 1 99 1 31 1 
27
78 3 30 4 29 5 29 5 30 5 29 5 29 4 30 3 253 0 253 0 253 0 253 0 253 0 1 
65
253 0 157 4 24 13 18 16 17 17 16 18 15 8 3 8 27 6 28 5 18 15 16 17 14 19 13 20 12 21 12 7 9 5 11 6 11 5 11 5 12 5 11 5 10 7 11 6 6 12 9 25 9 24 10 23 11 13 1 7 15 7 253 0 192 
99
103 8 24 9 24 9 24 9 25 8 28 5 28 5 28 5 28 5 28 5 6 2 20 5 2 10 16 19 14 20 13 21 12 11 2 9 11 8 8 7 10 7 10 6 10 6 12 6 9 5 14 5 9 5 14 5 9 5 14 5 9 5 14 5 9 5 14 5 9 5 14 5 9 6 12 6 9 7 10 6 7 12 6 8 6 26 7 25 8 24 10 8 1 12 24 7 253 0 186 
73
253 0 158 3 26 12 1 2 16 18 14 19 13 20 12 10 1 10 11 7 9 6 11 6 11 5 11 5 12 5 10 6 13 4 10 5 14 3 11 5 28 5 28 5 28 5 28 6 27 6 15 3 10 6 13 4 10 9 7 8 10 22 12 21 13 19 16 15 21 9 253 0 154 
99
117 8 24 9 24 9 24 9 25 8 28 5 28 5 28 5 28 5 20 2 6 5 16 10 2 5 14 19 13 20 12 21 11 9 2 11 10 7 8 8 10 6 10 7 9 6 12 6 9 5 14 5 9 5 14 5 9 5 14 5 9 5 14 5 9 5 14 5 9 5 14 5 9 6 12 6 10 6 10 7 10 8 6 12 8 26 8 25 9 24 11 12 1 8 14 7 253 0 192 
63
253 0 158 3 26 11 20 15 17 17 15 19 13 10 1 10 11 7 9 7 10 6 11 6 9 6 13 6 8 25 8 25 8 25 8 25 8 25 8 6 28 5 28 6 14 3 11 7 8 8 10 23 11 22 12 20 15 17 18 11 253 0 186 
67
114 10 21 14 18 16 16 17 16 17 15 6 7 4 16 5 28 5 28 5 28 5 24 19 13 21 12 21 12 21 13 18 19 5 28 5 28 5 28 5 28 5 28 5 28 5 28 5 28 5 28 5 28 5 23 19 13 21 12 21 12 21 13 19 253 0 218 
99
253 0 156 3 26 11 1 8 12 22 9 24 9 24 8 9 1 14 8 7 7 8 11 6 9 7 10 6 11 6 10 5 13 5 10 5 13 5 10 5 13 5 10 5 13 5 10 5 13 5 10 6 11 6 11 5 11 6 11 6 9 7 12 7 5 9 12 21 13 20 14 19 16 11 1 5 18 7 3 5 28 5 28 5 27 6 26 6 17 16 16 16 17 15 18 14 20 11 145 
103
103 7 25 8 25 8 25 8 26 7 28 5 28 5 28 5 28 5 28 5 5 2 21 5 1 10 17 17 16 18 15 19 14 11 1 8 13 8 6 6 13 6 9 5 13 5 10 5 13 5 10 5 13 5 10 5 13 5 10 5 13 5 10 5 13 5 10 5 13 5 10 5 13 5 10 5 13 5 10 5 11 10 5 10 7 12 3 12 6 12 3 12 6 12 3 12 7 10 5 10 253 0 213 
55
111 6 27 6 27 6 27 6 27 6 188 11 21 12 21 12 21 12 22 11 28 5 28 5 28 5 28 5 28 5 28 5 28 5 28 5 28 5 28 5 28 5 20 21 11 23 10 23 10 23 11 21 253 0 215 
73
116 6 27 6 27 6 27 6 27 6 184 17 15 18 15 18 15 18 16 17 28 5 28 5 28 5 28 5 28 5 28 5 28 5 28 5 28 5 28 5 28 5 28 5 28 5 28 5 28 5 28 5 28 5 28 5 28 5 27 6 26 6 17 16 16 16 17 15 18 14 20 11 145 
93
104 8 24 9 24 9 24 9 25 8 28 5 28 5 28 5 28 5 28 5 28 5 4 10 14 5 3 12 13 5 3 12 13 5 3 12 13 5 3 11 14 5 2 8 18 13 20 12 21 11 22 10 23 11 22 12 21 13 20 5 2 7 19 5 3 8 17 5 4 8 13 8 5 11 8 9 5 12 7 9 5 12 7 9 5 12 8 8 6 10 253 0 213 
65
107 11 21 12 21 12 21 12 22 11 28 5 28 5 28 5 28 5 28 5 28 5 28 5 28 5 28 5 28 5 28 5 28 5 28 5 28 5 28 5 28 5 28 5 28 5 28 5 28 5 28 5 20 21 11 23 10 23 10 23 11 21 253 0 215 
123
253 0 155 2 7 3 11 7 1 6 2 8 8 26 7 27 6 28 6 10 1 9 1 6 8 6 4 6 4 5 8 5 5 5 5 5 8 5 5 5 5 5 8 5 5 5 5 5 8 5 5 5 5 5 8 5 5 5 5 5 8 5 5 5 5 5 8 5 5 5 5 5 8 5 5 5 5 5 8 5 5 5 5 5 8 5 5 5 5 5 6 9 3 7 3 7 3 11 2 8 2 8 2 11 2 8 2 8 2 11 2 8 2 8 3 9 3 7 3 7 253 0 211 
85
253 0 159 3 18 7 2 9 14 20 13 21 12 22 12 12 2 8 13 7 7 6 13 6 9 5 13 5 10 5 13 5 10 5 13 5 10 5 13 5 10 5 13 5 10 5 13 5 10 5 13 5 10 5 13 5 10 5 13 5 10 5 11 10 5 9 8 12 3 11 7 12 3 11 7 12 3 11 8 10 5 9 253 0 214 
77
253 0 158 3 26 11 20 14 18 17 15 19 13 10 1 10 11 7 8 7 11 6 11 6 10 5 13 5 9 6 13 6 8 5 15 5 8 5 15 5 8 5 15 5 8 5 15 5 8 6 13 6 9 5 12 6 10 6 10 7 11 7 7 7 12 21 13 19 15 16 19 13 22 8 253 0 189 
97
253 0 160 2 17 8 2 10 12 23 10 24 9 25 9 14 2 9 11 8 8 7 10 7 10 6 10 6 12 6 9 5 14 5 9 5 14 5 9 5 14 5 9 5 14 5 9 6 12 6 9 6 12 6 9 7 10 6 10 9 6 8 10 22 11 21 12 20 13 5 1 12 15 5 4 6 18 5 28 5 28 5 28 5 28 5 25 13 19 15 18 15 18 15 19 13 149 
97
253 0 156 2 27 10 2 8 11 23 9 24 8 25 7 9 2 14 7 7 8 8 10 6 10 7 9 6 12 6 9 5 13 6 9 5 14 5 9 5 14 5 9 5 14 5 9 6 12 6 9 6 12 6 10 6 9 8 10 8 5 10 11 22 12 21 13 20 15 12 1 5 18 6 4 5 28 5 28 5 28 5 28 5 28 5 23 13 19 15 18 15 18 15 19 13 136 
57
253 0 165 2 15 9 4 8 11 10 2 11 10 10 1 13 9 24 10 23 14 10 5 3 15 9 24 7 26 6 27 5 28 5 28 5 28 5 28 5 28 5 28 5 23 19 13 21 12 21 12 21 13 19 253 0 218 
67
253 0 157 4 25 15 16 18 14 19 14 19 13 9 2 9 13 5 9 6 13 5 10 5 13 6 10 3 15 11 22 15 19 16 19 15 23 11 13 3 12 6 11 5 12 5 11 6 11 5 11 8 6 8 11 21 12 21 12 20 14 17 22 8 253 0 189 
69
143 1 30 4 29 5 28 5 28 5 28 5 28 5 28 5 28 5 24 20 12 22 11 22 11 22 12 20 17 5 28 5 28 5 28 5 28 5 28 5 28 5 28 5 28 5 28 5 28 5 11 3 14 6 7 7 13 20 14 19 15 17 17 14 21 8 253 0 187 
85
253 0 180 8 6 9 9 9 5 10 9 9 5 10 9 9 5 10 10 8 6 9 13 5 10 5 13 5 10 5 13 5 10 5 13 5 10 5 13 5 10 5 13 5 10 5 13 5 10 5 13 5 10 5 13 5 10 5 13 5 10 5 13 5 8 7 13 6 4 12 11 23 11 22 12 21 13 11 1 7 16 6 253 0 191 
77
253 0 179 11 5 11 5 13 3 13 4 13 3 13 4 13 3 13 5 11 5 11 9 6 9 6 13 5 9 5 14 6 7 6 15 5 7 5 16 6 5 6 17 5 5 5 18 6 3 6 19 5 3 5 20 6 1 6 21 5 1 5 22 11 23 9 24 9 25 7 26 7 27 5 253 0 223 
97
253 0 179 9 9 9 5 11 7 11 4 11 7 11 4 11 7 11 5 9 9 9 8 5 4 5 4 5 10 5 4 5 4 5 10 5 3 7 3 5 10 6 2 7 2 6 11 5 1 9 1 5 12 5 1 9 1 5 12 21 12 21 13 9 1 9 14 9 1 9 14 8 3 8 14 8 3 8 15 7 4 6 16 6 5 6 16 6 5 6 17 5 6 5 253 0 217 
77
253 0 181 9 5 9 9 11 3 11 8 11 3 11 8 11 3 11 9 9 5 9 12 8 3 8 15 8 1 7 19 13 21 11 23 9 24 9 23 11 21 13 19 7 1 7 17 7 3 7 14 8 5 8 10 10 5 10 7 12 3 12 6 12 3 12 6 12 3 12 7 10 5 10 253 0 213 
95
253 0 180 9 7 9 7 11 5 11 6 11 5 11 6 11 5 11 7 9 7 9 10 5 11 5 12 6 9 6 13 5 9 5 14 6 7 6 15 5 7 5 16 6 5 6 17 5 5 5 18 6 3 6 19 5 3 5 20 6 1 6 21 11 22 11 23 9 25 8 25 7 27 6 26 6 27 5 27 6 27 5 27 6 20 15 17 17 16 17 16 17 17 15 146 
61
253 0 182 20 13 20 13 20 13 20 13 19 14 5 7 6 15 5 6 6 16 4 6 6 19 1 6 6 25 7 25 7 25 7 25 7 25 7 8 1 16 7 7 4 14 7 8 5 12 21 12 21 12 21 12 21 12 21 253 0 215 
77
117 4 27 7 25 8 25 8 24 8 25 5 28 5 28 5 28 5 28 5 28 5 28 5 28 5 28 5 28 5 28 5 25 8 24 8 25 8 25 8 26 8 27 6 28 5 28 5 28 5 28 5 28 5 28 5 28 5 28 5 28 5 28 5 28 5 28 8 26 8 25 8 26 7 28 4 242 
77
114 3 29 5 28 5 28 5 28 5 28 5 28 5 28 5 28 5 28 5 28 5 28 5 28 5 28 5 28 5 28 5 28 5 28 5 28 5 28 5 28 5 28 5 28 5 28 5 28 5 28 5 28 5 28 5 28 5 28 5 28 5 28 5 28 5 28 5 28 5 28 5 28 5 29 3 246 
77
110 4 28 7 26 8 25 8 26 8 28 5 28 5 28 5 28 5 28 5 28 5 28 5 28 5 28 5 28 5 28 5 28 8 25 9 25 8 25 8 24 8 25 6 27 5 28 5 28 5 28 5 28 5 28 5 28 5 28 5 28 5 28 5 28 5 25 8 24 8 25 8 25 7 27 4 249 
41
253 0 252 4 27 8 24 10 7 3 12 12 5 5 10 15 2 6 10 6 2 14 11 5 5 12 12 3 7 10 24 7 28 4 253 0 253 0 253 0 10 
